145920255212577432773864907477637049297311831374028479302902957850539995848843582963864931264968838685256028595016274331199395961428315582320849383316029043687324519487760538547930745855910579855850215046915932867325367781745033770475428910834437544793479506266457858006514227259728276117423702864653169002828
168629372731779674927052838220624287315714139192931566715490931358361325107188626375050809435980209579042632902738860216136032745591229854697231122942574665220361657499366345271294479065440336841420652663884535762611261615542154244081632664877696313032449750276381030743446502627382188945159275064506118725955
132503791776838535935981525971043709202104760489835392970531774507975623959395141296444156816601281285382832261140789091006787130831628989377821532483301766733788762689721413079494610396352145385844774895500353561591077840442683022667684017199032443939303295575625520364526693419469223310323136040941127819103
48641065008611007028508469715379325568898680281187362977905470905398952566728704737667806731010256068589784810499647975480060982192850136881276909122864055481541762400466899025507447130209820673655566829027497698597636405055905432351424757886895948949648471805748085123428941434919776805062699184567445865346
113310457542360085562869218868244176228797564718359559530078445399582461399263473337709922966734429016191294140594238593916127321922269692658086736832640140073823322632560329764154050767508053299704500245130294696774169396500749141264710843355722947653672909242228199964019701434951752871098546841334700772862
178850897025489860672991206685816290991346187508188231381649046235756527429281836214743971928800049044773935479576665365832519445407844062526417306520179091540861708915558670026691760973937260475998763194310747734378807980180530054486232366731384844203196415183410640666301592994501488486307903382684721053836
176394915755727044686586174370910423522625184205537374453002081995892705241550864781115357618183005069059499334353294327604856160586596576179599614293928706415361466261123573142187515608662910430618396668584372188950182406670958265646692344780712707925777798390583351270396195070654358590691720085291910698415
97134017814033917868470094843639354507954302749378909439817410982771436764069967297619164926982846718105600678460816399435179995440254235742705592115053410681948763845576286844980054516072546228730684851647142383612635862414105045033691363973690901443171421300962997931020311179446263428346741288515058975744
99100655345338608417717401237238690600925003029519717230239792320887047912881972919693797876213579916912468563898188293341470437086804936811668192270473396033210978919356840353440429637358076952384540802681472266198979121423464872640840944903904691231479941091475192517807251906786185416931459004972184549185
42177981207368617799298146278185836314224664749730949618963512342137080531511762600382753840882072508840925731486503875034568761551536434337360172139936025922162109423303432592330385716466739912155717192135627509344146900518663444176803960905814302326660924584143842508660070988481458510842977470430885429173
164392731305842161322104245002361176114621907921729304447961982907786606880699023588562091438740426193500419471337544147399862343742473377122394158531116394833761293925145894317698385675302058038579432027181316103102464221604427552882726208831561862154614542521746245421832669171831478689354515864708391651688
96552105043695620992065063195689566798164677564041240216360305871407516968563845089459199193127731393276999871437319646598992466456174925843804697521165960050313112599423392808638746669932016252235170122995235020302297686931969676201334263612943099202123792022461977457951997072138433580509884258161342549147
105632077842373811983429816267723744793714322864736136820575060273234247109640900706453541040739506106607173573672631797610346135049225449853162735241786041605250731051729169358303765125252133662291156229688090054266270882539143658277501857034760996555957485843320046075805950437024869251691247597826099927877
162376814456790910808731337903795067023127253256461822583378126397537285907229890743070711602111447188409669425209663767350714155510319154155890507045644068159575469119602725293125866895863164624219656795283522162960920565647374674153478523891536333291424379238973618813001149910063182454490662718192719565766
23909207987033017468102400563338394115108598711815079423234308401307360391098945153813519050780517655752560184045147088427548170324610799311507393712234762142086402938278615835461680906430983311735865108606461824786737016119644537871595369353073102856272174004455173990672951119011292092190275378960950838519
134479868542820148196709018005670859786838586637693714018406936213029094065465714083203912623590659464052423924228232647515721981631755034914732199944329775234374840479731178936078105301930096544597608129095814473529638532398396487031630533494779487039691770768744107246038855337708823880290940408426331350763
36084924689975203178951549794161793566069209970618688317825297165183170301015428863760846542361793644104338832831424900720296916907802437486778099767154200754879829295375310661241890061058210758181000140702073417767822572423973263886126245357187505681308150504802652731145484511002601977148990273958343109848
120269805801166823986038186935008474193980400791438883770307734581067086566067098599380351552935662001152315400551132646855667411575199232005659254627206060631606442004673526941123498022637156843772465382304473236329270772853611050262511954914192989587355552762314784993292636029067524718400678320464919028420
63183396576498284440757922764529864380905483857947486913684481740819209963054942795891066085098823738209037898553265869020907849316906085189787838263983156953925398636198230860362916717023132004649642042610987428999512851080235430082932757025100659780138044834579458491711048863602020265228153447196003719460
158145813421595824268637737953869674280847065812336778445464596321300385694395673083175148871627097722226761333381215036746339453429554005349487290219242115475459107687257534824914221558299609357783749936023124442869986246925555673004531493087733985565598845242547964051407187438518014196129129161725822557890
53938400252101288572218044949844193264153441443977491334778960596171906828602855347185611280965210427018891428784854923020899722437106258905157135310926336146118267538476785032779885249621835485269693157145024565081813849922545138284630617233585064642303862712696161284399033069972634569810558990660008745293
159600190096963985786989743506922223164709680279115999514522675162323390449944648305661196420532232721907835349210034756494950784364847724645010600841982447331758434811333737560568157747190250859785662811028180796183679425723561147066142425722977944676833766194674934339168810706320806415588224671601780595680
122043135169610646460519700527459131847392127695571417894900384750081361617467634086179729394953169005806878779162358312126533580344053020609261602624653690194131968513829293434894836096399655017064398001470277996488332096832603947418458482550870525423707570325389350823383433690650047385974740019346650599663
38450689761578732519895554641823593215028043256432425280242091247655209221536542438024970901494291591319856062274809367739238986320714335594151380864172140917236032346707825614780660569720836481378017579301223124802213203335321214608765812500149952274960692781737104576563754099470102767941867066672883718562
2933279799310856750212744475587400344672136465288842122719780793860125675038368078673098074892364493313497585754212428115584023307607363034391574947973304450332442418193795755655103716753188051531896141875093332043645632986754966911119171651128775687431878303447985516131882303127606033013359827174553162463
92013256981648278224588614185691809907374523403339988998024216412012856721544692782471944660002732124918679630036582403327378228270387541313769693632343444061843016088765248353832205482781664041422707124959949410414858468913132862011348930975766867174266347050812908153011918592221205868487728741892386680331
91361538203805887361768796562750429064377674800091673462924751460764244422312423293468565353385282670817540681043048953102631394532160377426992473109774225379509049944297988820990515091125910698716345960627751056202992471423353096934917986128015892112398280434944269009023568582486098676037881440907415344862
124974810046706677535408789798094043192312692459782492995576315588685705553591498703487705918128334298688547242783563830181528785141973934353083162247130858562396681340172254304076978698990943216074407347306316964186968550073866201862792737159475043803886253211887045797991336344616412304886828750776005120880
134367083349720986952862764178502574820877645576088395324228016924719490329070839889517843686703456734394967649350846614107528612004532326449972160641357209458562516604300687173237954112277691113254653440149577969630682578688089076763858131093210522456761335958905830332675832613537564804775772353092363555155
169317780989126162560182796714049659213475521858262066713298392416286708487664054971770824085371652183949648442393950910092732922073702723028781214939032833817918485592580493776786253395792076002985141979726625479454906791538177309428692632482358490065141375170508912875731348005214200890402754162996058144994
101571457059990031207332445586748344766367934991419578532564924695283181927592331317933008618469160695326551306295204134931242838827925736714357493265234036272152534659354786970815769730051389402394890572741324095608407507015786626884742303033627804036924088666655446210506728131838949410331126850819751288919
8373282586252856483859544293731397802710713368391897796668952845438606932447937680644186253888899191537037991524103170672918647700200938537849265339292909306376269828559556453527366225077835325200083353005848351519900022512329747526245154680077490895253138677701838145224248667464793798420737675475729470272
99794090409730525937661322645600802412920764620287288784218033123375192372574085374716246822096080572590043511618433632832175709202938203792578068604121290963982551040056876727803860249801548608139327378164937130892612475818757038648501740851110010151194758415032706425743842610218786914054391212476012653950
46015791820960231313688682727308289248931047042096098232991550837181288597702820741704231528272174864494489790706127256717551549926330455444974864978353455835157873187727240888038988793792015341969797343547414456416011021168203254254419706826738796922991542747035255765852229257707305438504258841449219424083
90546297940750019302882235078853641420202737215324830534216703353747756817166838068134528391194749205919112730641376518566791378171673666120850710792437232363861448857584152480489673965081783431948002327707462013195037960167831727551363530334737894700074448180626233060445255853281988539291812482356236218975
146983247791571460697146538822809267844284213227729030294907247937252548165800367172907781372392454750429899893285304238444624069468667433328687757241454707173258579939788999072636180249194674976560562848922571411544986139172337193702336385623315303703066715933424930501174521995479732906767089865394843138281
121186906916419209807647633240102078089695592995216320535036923162694709806397138781481850302001412757298887964811608480077810419322609383626957706170970823876113219879627397833088783740813620753542140069405522195347755819712744171871296664860191228198228854982834074193620086299048266450773270112993310078608
167611141323959015476923491226216754988706946063354390584285381330244083142848675993887019535132346393118144526088230570109937658429911328072594864074043947261443173645159220079420872713251319857484481070050416551397222304742448673337443134537321213164465686362612181904731051265513220573341250382049738278963
137771979110100318913522204912211907432437152635837883446448816731084487661104939578254359757260654946390341062862569788197451556085499762571132373831069811628817185493788093385171618460687767761585857841513439663435473845148683471154123558799674015777141056155388341018604985015988606815806626901367182838603
81425921124506810973720886222883385958006433554235573836794189511418429492818633673463041091836652850367164678552937947402837423602337110858127662591716831098916155678186166644370641069343906697098522563868465346169414467746767188846009945043822009455639409032665050648291980390101530674109176540010933481658
91324951194212077602838545665165189991374398249704752450262137263516525824087077659260354307939616089323442195925677724251655096942507477092597454090062337247850181748454128525330655606559909308070181021415892440208154872068984232252632352831946121716038494252802377685074459857522588662203697442571895371145
40837308362533866070618427298203968838522809402517480738257918673041146632214391542778685047604459167294957686637783255246115099163766765328610259063077971385853866266286483869962132978759842926248870017253254967930247486866905622247918377536383123021705519923881949109536726828771574798763985261696663039418
77919855581663767195789292131697194468406018366708109440917822801039611203451969990196728437991224379773945672481469151278136126135650838832831815876902128976855409034553064540763535760427106464411982706144020556418109721968191383566819815749389481478620869566685614733242246476196850570929421168226874070597
18536025824152540076027012049878364030439963228569860616793226164674276801568008437501588099155569828508195388776048781570854567613833102291520893583777458906442109214781322445401836927860867231162036443316566203151253818365837388750434866460925605613522559607519827143070475114849297316444211759801500585678
7331038402578825611274273822553424520696438432407352941696549022871786116488795845990616388983314322229570844747982661411096392644505519239009316449771543143209592328331653949726015162707144426957808482640760746148408349269912494543323920096017961777012467471410964922953737599966236001823488287445236952531
73450077103009650414971343733312914659231648770336821729947781234280877862819401877207484063712586978514036848718784642388785592099447975625286582010956963085507265353135320476708532693093128088230226512070431414676486923181926956097248575698648776644884575865724575668892356953780523612251327230333865731847
75511185908338130430079012436061599895744099612269081535795501060753878238248870897620390904393082677190594134826107270279504114947945285701707341863993608835483971139483045992188831343076341542752796371342917247427296688262872902587239609640891018720573539510916627414692257898922091852540216059120614261216
45135640939650890000670560202409816017674674139903998756473155925487686873577647919305254782168771058929551039374463042428266440887021900166397005796752086629170836328199797729233488061567892486418596056271651696915186530905825852905278194994509906099592783029587040666736845356294465883032200842163053756783
79690459398266646557293149614512463410281853899093889770002641678341776351810330313120760323136118209726513263375791551656180019468223527378626654710536765097205834525959949919034828844649668376203491668602014526413628130941524200786420154557663987165621164624506065546163841093327312483975898519442669539012
128529112289802595612585800434974867771955396840836072657820878421130468860025311964389003844987663636882986937869489777992500353249835003834559390861503751818632341076672617959932563486198207911939403353716343790062945301661157655574502231456468119176623684060791577283460649128957314910563645675834742610836
88468485464314742971170406346195615077490324292522130662692169981759294683771175239425434002798353624041176916367491506774636670340967600268496013736762143312382264883830151154700267967353719154358645065474440074751748385197398760163592559129631710632021479639733237580675702940495816598951923970263754425690
4623385261908130047693986294397684816170947343932279579099189825559752584982883139805253554420636790603726699678550787834647863911170499876617368057491228926061571969607470970084409612835520332611502028961135052304319526565462288085516678686909548472892578183518221638976611016495743978958543870141785943505
132200829467749616874997872680090070028300320195238176384552731974554527665171552502174288618529781262125972251074709983132529366482746338037113318492803076169658664245064206093591270253946299520570656124675553817906323267321232807486053790452918660930353624556334296951005379639750740803673263980253987759409
133669899280154162055213726056997689295363170940281152806286267325052283677280689739056607075688144890769333996789457901349194001419635295774971069667940867014286334276861684818787796316950016978793079276597742053319094814072796504468324099200579849937668271862272493440838405055530711918243780425215239195273
82617950959880639882642116438530711850092643022063484684814867120325814782454186221347968436101249044314948238852692578182691762023257404707471696674429806114205885685250583601603120937297364517827441462673389157114519612056196752847958703815990020757154300672931045561314833613874488239247979854655088280630
77753375166014201131402603160886093392048165133865469007799363517940995226744279188656158008612152803508598102505390870311547308692444418467907613585615350453171083644193938471607716120607911971090140611376537643206744513997611442941324799034652266261537680714888528284357103391160660376628231371181017329956
89107474977001353123803709534350674755638782627909407888183234259685292532654657408886691956278316536102379282780162911341082444817799500077115271493178826499685481735774217290694238595787460741515483740607894548338039871798481258903287929789283539129000027486611896308720267826830950651959129987505422592978
121509063734870287363188921500675274098330035450734532443762752155854917173983952736759815993211773347556879685755932062200544697556019950846916756144180432633577034561120207741406505284227672800175586592231855991904719089005578124580399327749355409000480078369775673450417408522240972141595113801708275453266
173461314976186864187625559852070861887526214578657155786284774739215596016744554801519472847078215743429159325507467837999788952123752755099591152684653323838347361270156995285050005455432397584714819106524307482928224099178571122273183648626642204504855647615076307919471424412678759199414871213298948268357
78813592781177497254650844828720906684597069385279415306296197415734718866079102294792871444213641125857370462928693355800838901593760286936247118790091321733296809303608160881147192814342982015619414552741816601627832940011714960044754532670726008519554526765640707011562110155783681344421977714523425894916
167760453590676053393805783465049168317320433212973711505362975005907175705616775417887841816094187708349454011818776851482934516271222144740964487211061046307556518933773737429176582861125666346703642020993709426873848722741252277210280043384886633781056779777161694535504702373983162559930612563939279900530
173333309777450015291657996238025977391556951075637832689767407153387429568716378054368429892980279844547114386858446333537072550129609951083327748554677174838658817427417183416385123750844718198147631221472791172599167406020794876863202938192272476463680754207397191567956062984378644686093279299023349302780
109604304646197624963419145196313671851093638544234247428271667524870201505766692462995757115500714139650429617443671537380484936282147815764085512604624486270370798672076867639602167623648070337998916075910236443814552443853088852791886057491511107276455762489723956856394489994343734419631301735474028066455
138926636599065370166382508335568604922919045741227471364229965502728159006051340364564003839174737295037940627867261443403727962496841365008848531487908520545948869007808668399120843094680856153050826276330897742326147246963844069569725413235063803337172031635990269915467940189398140815173945495850856368254
42961007226089858202883225084698090552334144602267732325772336554640825572494656137161616281130474029186436464614013829984226742983455274057315032189843435609760337054638739974083395769912902720514264823220971565830782481528431011193576486612407451291730537575907013271909280051867025154348016812322363910984
44216591479807365829563187690346014429024476513129291952183448931936138485159763300734834364529609187560096167666188146862335405087882582039718995578438723133546157837103084239212500159486794223679163079306643228807924137803531858292102362970086790524891367772686345652826409572744492198396073819957869241364
18408690455913956765021742186309764959093327415861081689375339278048339617044327424882052088278317270355044445341464293423866181638256819378449816991408885645950282243115960828338484107962790281776914937388681964499058641057513150393587039736846157483477737877854761272787927100654930142296426203446991835490
170679571448110870605689858871003122425748007628124921493928888685148665169385906020370409630710516393354872243525563289171176065796415907065342562910422766052270455219040075127565621114864605104813773298908098928946579607963376165227069559497889539049710658963375827124485896222848381127189738154570587607988
137098268408532268835030459593050144443853180254408431111103686822424085138520688090004419289576960564164854186184978367953312806578781633472526747900241782159363748696055838287676850185399523636433810344124983203471637455787049385679968313980568465642925757406063007940854694520302477538682198696449460234470
70003595494448462491350946689660553599111432013612995108030197460604302738254241127672016832229614771885535125431970783202613618843234242181225922178054895361059167819475321398192211409537354222656182431906567020265553263771284256344155641856848894897820436524149316424612149335732792625921488849774757172447
89889963113000786331678659300853119263132595572663850753757607260281400320789167465903630398653314132069189452930889742621913260451118988134606632450952438347556695283686465195012156877047744235195738146837792383889198276817951537797046085188325421792416310233330351268657608277198030513326079390485065689355
7036000316439076742228366888434562306392418033512860139179493986151651971363132800533364099782617511298683690810412911746772207403261826198525539149835135725698627920006713353178740956469003256388375437489906628085774771180483488593689308499159005094727925120528539814043059486722345488952567907643497916236
100271835249486038863499913199826091463810059561618342830427269119091364453221284551907186445399973275428930883817584058011522048898858692504561624412458058694485732139790245350181873954204063766614851454475371463865073902889895535715503034712367301750333132407861704636135768503485266071580875525592840646241
66794655473809211962004111830212744176476880114967719347192115675190926834545729995469993647545018897441438566936728331277397908141941015270611174612938771646833140996998155961665072406817340248690284835899291421185523845983054138201241256304158472746643149982711613384852737950485060398895306216411578587741
59600532312588174115661201232617472109021120821064195273793624279350047224180366134509607292922392047802144183677341882973922483032758008779333524489480241946114889523278539362040389855439880283252678033109805857435603947262597618578906779541933024774419251830255326647765364355896123182450681267141732602337
29243938541266007190761675092194769319263931620490481436149788821663681227209570813526161361712697732210527337351737920396814934655932730638370842172860613030726258672686941890987086250787494753131647740034183397947158580280495088161881123125556831688518920882086214668528393186206131137906426579118021446068
76152023368030045182916239615727835583815080355299297745457264823999890141712251801026584555159117221561244849170898205684577577290813367955799279511762622091656093291020536676143531037998465376720420627762698284786479892894138785405533007186431917983190598883592357233590951278102326857058085095060847726308
56286744695029528214561431860899551815337795812903275187168597482625604207920809105244626333913707454900137201653772109699039343589237402948575889271412946439871735225199398426619432606721012392331703599678866172115635612736445696023201682835310013217234204520953314410317896156326962819730138962827180580481
118360701600911916936038110658065475134251826999057861102671341328197899546838187546250164218970491935396905952380413833464863622093335149764264182892389051006326759992723106766862787497957466767775936249259638472293281254564240237137552585528747405469963313076531780868516486848658054757616766389894718499817
97606536460282950116577328611612948916064963272270000296428476381543922283379698089990341872918934291587257500158124854827261689749477814642132757996669031826454789958452199357966546760497014208246130832298405825291647046695067065773219901180261917031919205381520923190774109802611925749513146705626032722811
145329759560914624445630303028878587860125943519974650456444011004528240906191288646509514383741300070968301047804263678788731379296413881290524049731477121270568560104609680963538153963221542727821864284261486976273590625303490443320444131284546570095942829815779876235018364815371037037734291845557998682862
33141241717608993029338938999919436741122624076671651079521375200739806494960245096202032686752440009938443649848733041486190393979617483957417076143439729253972728764990117989815534217058041212763873982454948644907997127884989810408300570776006642485130631058444008737721504401288207384082576155347190680039
67141548676380820803153110487475871459507667293749489854378991463185956191092068942281487907894051299294958185924439284050176782089433224189392632875676058929339117969654710602748785503321952690176898888344312457793930510231679919074670437349468094484985944113398693172500705917192513977928243903824291135983
144187675292913992957847246793363773557095722511683019280737927363549764626929166421702853746450364144679533113166054861279917972494513182837379991382176233285874602302692129850283946503441276479519002151627541142892482740241830356484796962806982929191870787099685735093849436187738163758099601568401755460257
17094565362608026645381027554763758460146745073355862101357173951755042689611422486876428234452269147867787238533233301408991003746155836010066742398576874895703913278952978121807704955768814163348305120147898043735301423698724219971053981453274733708277445093928053677608603361832363657263960219295308774986
150645553718617207282896336882792573934939137971946342243612410256543680296186560765671160752846242900891218370534070054577668265300619091496332139240811785717686762422316413254871834592903107977999369112763731834690292368934135825470923827544874488938162860272028862887055229262076925654918776547170361377691
20615676261250040464647780758345794243701399919839715069922144003944993614699654975304401592700655896166899047274126685166698842269832842463105477040052129161932694340148844038840590564542646457475326014899858026606777648708077366179975634343147034126584562112545653222905376738116812832083571900886987783183
35628375543573621765400143594341494635057813381616899059888034322316628219995650039943868369924775246611087959086881497577615754964102032735443696206319162996030541276916388506267949123315397875263810489904001489262576930466635035896304454493712127467372364522852717994401950191723563788200679066511289185681
105110868284887699843535216505981402611823408420826673066205505946371918810720364578850521498873886843846997012790254049102413202156299958694907195592371193555306592445213979801808444481395950586386752343866425548383139406096183279343922394779834090567924262946783288353728758034042809375198930249958236328689
19838479470658771024210481858795780695133628243696438094453175657688084707246777826732009817651374403965741544389748139101407182103612626195869057276232674011686184448851736863031213260173042099976182821271329627660064416922234314479165254467232037830662361117374313620847040753067554307474799393663746197270
162628171055478141679337806324421806248765428713730010980315791137004648442583385217172391269603192556377004150082329151324150324144488831050307967659567278600259784497527186122406888834490841337171928066726933987490041812761147640585952605274597784245157146381530822865904751678349872649287181552118113335118
117518226702220387453068320848015828832546677059029363861044931495641025703057579288383806176780056986267189397684021089349494199811204984352085468666991191896503864827539098656435280932749300186636032301070405084557139515417563389522668654253365524010551780184235767857396909345658135281063162428296947407384
85774038842506028260873146975523240282804073976118936321607952296875972615121882146322809893662589607741444603928686579738091072799214302421157472996267325447000070608697769968279240413262606523918563473046354134031239945959899450713650886192299541254943291873273627157901666767749998047441532045851297410598
57592557451274271815280684416635689194728719757854086841296537111826223859387075681633636021462254868123413705946509258534184045468873283829450449818235014658984255213966903232855056606698594110866677122744746883113941077640307099534981073934875114886817968661966741439637933812598928902685676932949318325988
92176404448224868939282255547762076326876591736484902490624980476782402729518237302781919703649434480312592331728146192913451863887053148619669162436194158030370718285697505468298520044763771912080521549951197151905123109463301104229567020729160325142244288085258624237779806035268671654627685125586594790564
131826078825238741216568656763775732946056964668551747069443526489334319960739344324612325924244167653042687997053271261178915520283155855112323825723531492936002543961953609416915622051462660639838009037881132048987587697100531684976544041149311816289812840241460861213531168503535888699512602411232960553143
86382572977325121730784318223721599583703314499086211682742362952175224809149876012488817467229963274291207643935354687927144356916642396797127448544637881584786622101487077618985701708996555368719488230479155591393251850868728679127291223094543608462099957292477141494839656007081629200715039508697625897962
148399462081951196197752601466239125622227311296207046006780094119376813007557309094708460889204253339080665107578400196427297630218007656127793233061856421828956856070601405944715378728740386940975095764619161835386432342873857175724186039798621343128541056150197090763878306489670387131945820850366090043849
42593458003046447696739897205900670311797111797918023000985270044887344956299055555733437332417722603430638570201815614951429026339752033181784825373379365794705031250125564293043124051146209521523527035835046428117360143411248144516634830971590483653055766351344923382455991496932653990290776697317194391541
140272369243989073442630726239071680940504529384364003770056630406803743655384458286987121741999655796477927496926202286033665783304089502250642567750645013937553881298987478013420967826717464596140437384931182890150361098477765483813925999446643074000806287047405451709621043605937144153263998131922871362153
9887177421457983995851626240338464293829231235420417549605785570038663944522414275559773198665884593535591749002835468113903676700163179790846412483337445559680672697337279914128416219456568566782093213339794036299524023910357853410463449777039444381256686215070777100967273555566895387179659947567033700578
78398213045089768935987760624688036481485125061642319588910348048457906762480254626083919870322688612638590763261363829149295197216786449356038357850729612966375898636589036919248873453137208391232235198252137670430499699561265620144249568266518737378704993719343596104721944513110343293508444555085677073845
144055874463743949445266612293633030107613176383753421538071353158517620822624318238027679195423110076363519575573090337418688411889923714607595879786965859877487579783384028448523181000848681563407617351008570116262606180236958648675803892175626142652333270338853428813658362030416167022402976443164889732556
100366557216638090492175978748932995465073733278673628643635059733474234535561587954208235222591083262344050783653754155310606521776000512914175813811472368547266769392766840115583465848674218554039896786744810516666394877234293536741538182010364408570071520365313579222512219038557526458445805981657975176555
119025825831185130398544698956545191518935412374014894109165225509476631403428433356600656776444830614902777546084384382680055140212836896329947562425260648370678547498296302651562349311150745068389781058059336997780815850188162122818374337973551584806173392437051229232127808558313042692620071482857802708135
158428829996015627767882354572373311857377037634195862494050417773735487028872585534944849501169895027674163687385070547094911271246806238341621510800796821502495943959534758804488096127011602918194083525712663188790635838893140827078999514099190043791176508812986908423526610589854519554757145954101159948517
1717326512403607972255963912299483267493753311032197602971702775166397907388655924838955038898488366850017854360682003905757467633965037512666479338787568110301675286641809473979294693310419102730986245114043912500948305723514444447697712197979011487531622083894767217342787060075328012739647911804027121818
90937198351845947863594481384468880023611796524995450175812211542890086284250350789899121759333858706895444472118661790293005667849976081074081569562991108478615535718503374067404408802618253799696558648529845556306883799734379220267648163041428519460356680344365396052605870003656578830041330816361790151613
174811097157034815815719894015056837703021294699939302122600039828983329522503886925821269581195435037477304879376570015974428459866704881546588241927275020586728187888663164326932698829695696105658346601265116769715644371952578160122341138895890666641262553465334830356300352238842399919318362583450988607853
96890810472930740154374684150007626783388560153606754727410037009458668545130519151622045000449843532857618951742046747153089563126410808836536649855600538774567915506918718097789078313329763555101888722095180020380742634872526731277500022254835459242095977786662242793435460723859570409821744964051061391051
12874237404805844559150822370992274515994757681421965224732669165919584081299532397496089650668500664806645936599560260644885702413300696468957599521241974181672816570228988175849408594763939545460794897460568479376946431338861885689567348936636110931270108811962831062574860967080757472840854359169230111193
77637772610020823839836191931527280870482814872649044902207230366621485855393494638831576464086661568866038221996079872319654336380820445482152400556384353276132320604442465978617025296294359933583018457234858690254624401972006233079783744846846780510852943336975484023054550050242102258206919793737655379983
108350178166422129980827032179272909012285114572356032752738071362471569092621685627304740741128475159658934464367537665369183642188474116522702041424533298371750201712325210887922532069893547213632317519143851360168600128080476388259854153971825816457157345224637411343172450597727260492122316499535421196405
19378382011939134584477464448170982423214752626101326101404571305177556113934560156701389512994771009271032018745434418642913449393634150586911200595089595379041207887091411319943049052547845924887205057575915996054624655608695729634825749937788809467575947963306081742327654728857374223771908661462568740222
177204807698094012202790974009635970195722199129328764656007996286769956687263486857706805819085407030225247603207447695030755743851576668722681511277535530913648598946751834421574954750725936785154817392817874686531437298129650424425126909907100144361537826397935242501375814745302458260139188388241482881106
3074619433676949040554307662370231232680027887328777068655596811362484663880547539517015251829904466566951304236287465006641141344415132768872832544559608822402858388506497569207795350978781086227422466125359609736922189917716133499062338526540637403228453006796607952653066482805541122853741396953965607852
82421645618804064386021308259216584309372459560950831240183019978251335435139523284839221333292372098040882513215341139843201028000479340883294993819651672031797217200893386997001530081585030331250112711228828359624079881730849667584705759324392262172137743020773970049594793634479110998470236143640838243780
25262157408148175889817068371639473310363312410244804534929451126446476846430406999704700315714708391387054635346653700906284597898069022867840950979057843162622084937655229493717081601186717187133499779411542006293632029021234784198275888999432009711769229750838095650889767686654704387696303555836073916320
88140038140412113425572228877934686803267518096157785798194744376691696132993234072077703623379701298643619768306668416722415299823011585888768818309607350507440856250476991518776542065721332340127975956023197624328029297708876259796874336939082163933477830246632039900924359986555337655394775804782958713153
172584444544305902074840709682677069221080868666800965254108756012640824659838426548209391059563467336557931556957010442799949958947325838978861311707833304643048520288931889192540433968020968669428645803479152050216856181686678801598138537641719968974156733037190921634276206599467972625720464881262122500466
16586357833674376501743652637978880788310419368591940080088890835232192348118775559907402695351412580367929734037641238963145160911746195987611670671971676195354827353026029126073083850599374075132899224690143056468491626381298632662598715034667777067518078600027689103898759929269179819458733177896102795772
44104935247648335036135181421633079097957868843023894181257749190160360175260296402289688005655984738773601692912209490550800951378209764681661879198691072958119186276657993737940145716258480201658450134735595041923034325749946693309837939766443478270376710541716199389403352781789279914430612259628196407294
175062741295867519360895060155055957431924508331061895245823803906223833638947758316534476502133886350059019638739858860132595458654217419729121713129247676634991228481669512807989779907529106822410082390564027593579841764012544222900886968807213117642284689014573728097343361060261662486027295030332258549591
659632902407755890537634666138811061830917817013604454617652509381398885411001743745425122987710507990373558597597461399786195095895954606443538837574127074236887310873815455787651477188051634621334858513196176972804427454640886641150509250171400487596472180394273655466406293203881078550979681438377825000
161890286050329307576819544494757720828053884119401641146362159943737187541837022296239613420079755592789736218900544565463645686818841744618442773910465340698933954212742695207219266818038813388710070422189346337074264447565348701579609780943132636642821259226060139933128852533231001702733532815921262290700
167133570561368408434593632884085815372920184159318398732687579759785361386170519775848622037728531839667263806080701985008378388934119676389795381856271583581742739729223371475380024372133741904080014721352420853433752044901541825744985311681768157733926765379191414765199737488182650751910842379742210892463
111597091503305156568581896570080113401914959742295509568670419414956011511125028076554037631110600188413247251507088028557787100989969957968378177108430734901545224007752181152112555013929739922759648787507745605454192392446089841926713805799435670263051187736656388379719864795185759752776662752279732725009
35740936966500724238768898263388942311035334300120678207429753702075219676116577301899841300400878814009602798939601617147479601029733246273793216543399418239924191984040579333142759865350699600689287685307084266784639841206295442189352252017769642043176545034892453668894483003102762377495397493516316223939
19224808083045431328515883946555221437543225498190365447463258062919920409976651874300553338240135519706572976493249759562470631847799402911070178496431238468446935746365466262473573708576633136549266822785358907361383942954093512871597893568993115065344564664378533782277826022614286554579153825246426639967
148552707358596887382557385384299049136774414219221252054949411064764122064760326872323867183612722500134949617471585530235903952055732394669854305970077055800224550148868450291687652734526006222422702259997152954233328867060899849461023073648360027470744342758719627917147017961806681745699357262632530883675
125007650173068671518509129463542093410672560101221068025849028274540965474427883264433390412213877848491379366501056867899062193579190596872147223080148777244736641005907415946332152820188449679417112609064941985241514185977468211083328747671744063949371176214965227476023903872319514141345682292772400325156
157186972863551419428516665654570081231730964953438129475217301979731312176339547877460545179512814764224201723653941563512924866156681460884077077669809966789938168813706325916660671172160496154414845159348866854272346697777333623961887449044664519651312471153684461645949920673373630114570348507802269423586
166988650516845329398657131169147375829619130243985423648642132867287961082849148783893341924965171308033434328318603777295302156915151196781414087109049232256811143932535550391198607677067532283536864277717854694544826537678444483377902574276005299924260709536197777949390641866365836747474025330696569056988
6587449093341011928988579776731018787222127966961935436819707445494619858804925135278001257045405311458926387835134557609265597658158836008856119706898406853003672990586120934380640909724200458811335202938620661675479559652981339352766916319793225493855338891770888910094405680323143756031969765316832263515
99408703011201681964455914501469769193978831497664169117253874870576297638290575820979716599680037814869509577550249925328715013307254390549719575396712019008318191546698226083591259241029232056691613031629984525871161814699675942066767367267683012947465822915531234643259177887771199267591382647980538188708
160516308444471836500122961305400964509376992047802399596962568012552570706808331646648218348421212294308985958558116028958752680250812284070656872954981589885573559334482057683605886615360534967711898729500957121621922845165168691485036356352622690874025290223290948586605574022621132065048359618123182851200
119470541558335712471244996685080763428856179387296050784113747190017957062951999858418549073988853966619517662792485676835757893654280889948261356528110580794024110411639221926258585051695714248479055640611799913937165898656380263915609434295726510925722175707400245731794982279439066428767859535206583845681
143640130259476539593049010907210762014916705567237920645458400079324063906876105442286884692404632577469050781772956624846219665759401191996523028289939337684790118412438076582200699717643470806123254655230964769300262083280462459989957878187291062037542880924960184387071777197351230833278530657942617816339
32737235658530572988462272698606366340095884384350792424591621818182235022416525715296679009298245562012315431082740943275829393269059427893472793025282005564616025526894424482418477485851089955326607510308864636390504847596249319644334137627678711886958034394775156023223184902072866537745918403637047494186
94232016032076186129827669732264462125886477300475616097484695612981318217446530372292818662775194429656482629111788185457808938706692177906746133222860883517771846327152500040820579042485093926455642410818402594649866780408690523030667684689840489710436093599373266328377322583975489135395204019001282824166
59352865645372895829009023273631480377829121608487013543581999693099318827735449537128306104603959233763789880795318697903858372615530482345103591289045447477873864985591400269637458420087791254414918655083672235722734313324296769097703818070507492321855359544904027638284304639485372960749306398746127075559
134494441714951156363744929564896489413564335931110062245255156060433961312975739592203307094467481452168510603790057446117898152662440332216419227976914597410904567494009503782803244963392123786664796761167018761864028157045749037161615169537618464144019153169006312252848771456446892212235377524231176753592
177952841443897846663104224821815859037794230917764782999366188176508471583343124876841161247674212513026709814646587059513623192651838521052403492553720343420445822494562457614840814049096017416403882420223739927485925616580901627100028890288223726785741409684530464222247449418053047411802320851587053853955
5478167905287578186971336539278304770033034179832373899651621763186677727487292636259426884599723787614580705689154054548712138362608932855961690113905580565796776184864571371243151526289411653679816146168229416703562642278949233605607326456229404282784307189354786385503879730522689914844335914372127361844
12478406577969154128054779640687337942550601661683252338704631451012232231179606662506517128478063780202177664675144098652717267143385813080737887757405610950994067415773958868808459250685308386126568494653092796610108680683728007112382197693396526705734427307017710484671622571899959277046007359899257083826
84513558250426913015490575565072518457871449293307097136452567327061456779696517059613735668135108024494691207001094346096420999274075899930243996172409604768731581159063402198661929144533527784553929397276902399596269205654834329392191046583783222740836798875787550065072052997175700644275731515052475279680
136478650575764676489614511432831202160816308585392947298172657031606588668526872295504586138886844241601877426989022471695028189530308486978004432009416299848456989997636949697836698085358137322889686568273724703023522274654811612290550449962689335515052949104892584607436232844491552594931754010856293757371
53008564654842969129831840581613693136306617579914626433180936258632201814182291960233091015655611060790860980126874655794142283722907654004806021369084022355357287519577512605345909724934495007149284100800360781463319585732099187875743532379336579258689849260224880678060436549516198674018528373191937339161
2866344175206155617978926670396386903537648715188254096745106945250685392534036276565655643914998555310207195681977014822792181347546430984046229585510173582964043346311272803773790423080207482447836934816880923377782041775480652518951927276053464992523598157589579108206059908368534526537323851516795217641
124545506340797637861325040520294231974387803493781527507552883417469287655590388899959945923632267116529413858819100198355911011459319614946785973049141381491502190963331094717193968019054452887760255204984654134978806394169124513458216993645694773303180033065031526411713039131463180332898387758674912751029
85520686279888503714818664231841313125761869184214989018374632075244537057947634729476045038191773773855062979569708541254532965799965477979301840978113762786063591570913855218192541352075976105656382911089406110482155892712050266947590918367922973190036966704272357705338348882350650992692285263502470502038
33811997533923821421431190248214541185265323090448829983461232107494796894452358748773836760036203456650873904270332197692798158603040528213037862979836224195624193123672828122751859084136862738715938935636348597281595279766836115259601378487911909482335521968865793545589230577715743276612147675279108794286
2271685509402751970217200782376561597940837741142003397056475721869064888467058944275950953651014940624948923186997578353891323434381672999499187130063110031244610834187078021423390419700030519992344214392936534878583994855028152711845198999703362851702188597523268069827451436715682664401458039035767915504
102857604985315551231738092555170290818479500122724266364811945521729044919104683160218440104809335363570192484873660759017774083481818323466544136864721823170509050708407678727488583843574456772431172215609308591696746377384977430356234020975783750282554130803541719324749762947769640035237812394210275357184
43511047477093603816150252323055743100746739848759396801605191799340918584129059437654644115338987472900460477276450658733743503419135125007858470796027864681832185754512320942357569199475428408422670853877256198637475615225079938792005951550696323147114551659929626447467255011782875037475057455957615771455
64887683989004728923716431765743202433321894307598896125988356671085473347593493883108435996044192897452401165284854077424626299718617128406597861898093320279538207408187481929153036614920677860340056076237658496745640731958485629347182243265701558674379901296201799742403906272641218934831900985706841459831
128901452188255559421861260762895535846517398996384852609231326686649860053339508438188719784194917142489216045820736206081418722622504105243433029548854597137957039803732510190382505816454452462300048950003467562273480720218971943250381652402982454894447239106007183661646913377415159822240015695111858442459
112695484013471453885008995134625044007182350357604658250863696005826526541642168330725990383897532857406812764217484980184999003601702656714502678067945687890261209191477600240040397339062515347624807847328680747187949315247856135074701725113274154854953906742992498147073681642337160759749924507965629321759
51813055115326469984486567885707218880588132611851979844196679090247677161945083247384046094441548974133000099620320972491197641837370172717543790818670446651744176576493660030482538705629881415500988983549710213866663132714940336814276374299414220008718551431367500564478772658419356331750289403859728728158
69584839610605445075426924335648490164972750396207708869390833065883914596281203974032442093767857549358982878972931960370393266095621539178976505243517374441279174474861727518459881623887104048913459011448155002455452323125142131733276467785115070848155206194972279348704884872957367042605166465171233775769
40021868332140868914805799745521596837774195700729041028321409005335219614180746892973542089900833652639686157538600495553783587342151018070785154320939517306077499490426062105957483556986588388919655124022245150111047547955289872596685554161087069326603725166915679706710638917847916852015638323217560700493
1160450258471109680169133235161198557540924978904222606585749711902985537897388001169491026614973955391072716922656503421841915891991326283886824992584083766499977942529025388686180980656438924565266955300752375189987462590967416954997568065632413499608398242687898165758242778171307835797354961979885657736
19105873366144677362920546737982821327193142580644471029506248965395754532805064934466717488047813462931805814492953893681821595497378593768275868860097625815250759974069136383167974319753240975127124599542453063447879068115948472865740746055833672595995395208005377552771016458020283879488601089489527063145
163196222214547073381196913932837901564983651115672847125007099122692902945210782021269836786893330268619676112330971456835685952956452682229145994511007556495301772641224925044246821138847909821842328009213725180230351226199669034894984151501205187036820662460206762045161774074586802760794296191847267258755
34281683529153314315812862572519806333161291416791201737009403952688377258482982347558746970733013093470023685272613142415518306672553037104976582220763456877984501983686580306221945285664636083712461097107917366818794104773824552877913525209836758459002500925177163513840724680047977679509920146221609281999
165433047864966645604146790005275815741847706052478688590006516020471595361933156212182319210422203574194097749249713952380430051698352159572528005180244868766704267782064782445840653390675297289683017731858322054188000624673353184367381402284588412626606249359837997497816810406639002364995977385686520898210
137078706857720990852112227303452484853589527229387241955228947359167448101043642282298057498371369424316161386757800962911101944878010775159423535294540303197908885540253788365602498787649553947487479357740297870871530822144592103905160869137599723308235397097989176509722672026943337391581795184526957608762
154914751132295774985673678517811026925941970530125345004968446725915015457213890298576161378729005436323853149870855568800625221415777644492882222674263895412913965010714435658144984331262752711867112889866038556672839631097068193043715544178123117052125200058371066024850251955935569169585876832657733523583
88698539248927240122983563596176345973763720178039351740097145059852089904385480128989013722300749785374075677220066901937454647044790996775194981553723577219746022416785469801498352733850465975421164992946626300991728262962634577015096576537547476835958902171477804989784254157726721585054970523224577714017
34531697433182946871380652871648762124783859031926728031493098954250801181763873836403580273207440167810383353679739086614190263805870866807020352942356018032688975145789242087570310610719300343530099949019212197095373477446030576649186402382755491184524383659736045623080637857876888376856436057850396941543
124612628525656092661546273936552605906947324121492034282817629315267358596253286531882868759896825859042277311903575689424014198923864118889338906966901866589845465647398764296801865426735128220781684624313882523358348618560900956665223460244753528430768565906949983329262531661504850249300325225305693110530
62150715666874645764343487536221289352848877007517747768364465539165608179497801471426670691937972745958938183119803895328215759864967489530918743611572834307144480052765996617984819072209102808178224163965990097394889320656954384522801740477300738222224325237622581881999154390524670907778673971031722564065
111293917531834750828811770084198471934594559043240024531940168249359424589913579958156017235481592328150378673831794782218253248625280728400207059687598063453488266922645853303394719907527184116461700038019657805623392249929155043566674590413846605481665123421429480215081986437504761316973285890342222577058
128504350499918737963115056683307094620849960063345470787477078037482191971587920168658190367584588693426093797157298037171031157996548408363056808781962900978537439520091726673116012006230396767135654418195168680556998144415664574525793641014245811650293086438096962739653295419689958601799574347090235952406
176814906461037237813976966407011957254745245915794780934504551450613571475769762896585949275709035847029676183019740034517318523970057380987598870271164265051757373466991935643799438395302700383572909336639344131556437067425300243976801226583107178183584328753376881941400408271481204652897567814016362334864
82196383297435007133233004856346972615508286230072287239912766441936209605634268022849070276305559207427274852105861633377605097315720402367811914568549515907009521200503650416967090307632817351311622303593121385699909156574736546182058966937861679149765582776283294169272209665864238175807924885385393485799
100236805699014897393825333056975172893218447407655678670371487356171332370642868816961107569967107460437011412501227658279159050647291540683108839077658675370793643537487880639581425487178408670379367771219953324589412002907277580832628605166737258142517946891299264708288103540437248327877879016638906450287
176732730314622768456884228777070964336474911560664408264755680591752156719385799663627330631674510019631861841893437047162386098871728770150261839666163008315910800345370609825324577876399398225602735247032600276687388808175714480636880789584301084552579700677848617868303669226662947804441827966142295079746
169686040533267474771258512616037991067221875963910306806846522434480823285952577989162197213808054060250154813509988396119714528632209498521649763486946148540004168721285819780640400932446534426997260529078027184056917897646142169158616192915507117532203675187445021707138860446487882490235408034039600624418
105961748808232401367946554633822223475826823587737164897106414339920218842142275139377555587464301124356095864217045750945925125942171724802540670190944336581557282579121271342289577779565247381906061075934085158921225997908599480741221733733034421504460811200165200575408999148829296224316687268759646658423
58757445056003463809260397923420490964811073623303318674046738824340849835271820847127661241956301981041998268269198794855656398428541944291881405337185745747899213748647680744901891126322156507775578823459948828006855958014054877024917740178591962249466805235616563916358588704729218869425012738526076812772
154108461308756415468010653433616247694425317126761292238975492621034613018233549880971353278017619797720731179078978329633748450471128544555886670621381388420719687017952624064994870280517875204388669428080092946143599942717690132137200733346144040057032794513333328037923351675694592409381415796067881395288
84970470695581305826171483580770953183367011351756670329085591477910914777651181876140105539411431898501772777464492685208443013166670286747539538548930379687355514722782331589879131324024762344409534230551317507497006212768185381636821632288050733436509724708438936217516014367174817615330217307748952055214
56038818242648532725078308604431644308757378574467376384584659457965539237585991405317807451814680398318200970056983060717614275173981336086426869105845743469834820684635138755746402552025715053342921089532964882945851788927510268468029867374299984110431768263151053725737143657093322216358761768941183215739
61806087486597789534913430649252092633899468149065121198283462023940792115863433881266022664585353582207203757427639774140305262348818671917523070197445295028763008363199285781186283467851486130290934532496795549169296705456004523329154485075269334166405526728287434217739051085131509547880318119032400634299
155625732190445748145017517388081936687991091652962165583950554466243198337466804358466385200866493262489494786460748305522580090673528785112756343829223986866808093882926413405412831959485035208068236341776958966597119288763736263774561915261053795050965456212556073246134178139845111694639342386455113360
165075298229948133185412797545186657796581314628252271757438154718130355663305474699351669987196796284518327905184845166995201891214418179215122018459477062146048402522459207230776666674085084170743690502597904974403994361962311503092596136690144587027257417202531381747955572877773567813352993305436063708971
165787204796807712191533701217215129381012457952754817557368927164282646949542341533274385128091471872480565836736146815725875806241104388142217906204844323998252669490291449232093785825746509977222398042669946336080254688057071508478678234913178158264364860484724880933160746526573643181123391465249445405782
123276723472879851375504325986688141555700758036712069289735173335002655458515772560624720618881825526475531255050588160575075588585054275706478885592768286343764627266730871464743088624746818945735827283401530907812504157554173229402479458529770367140015704066156059450264693075688825723420982419133195050051
150539124874654283492129980656391879158175373236463758578109311332097553107154699219458782250908043242312464483519012722073357236321529096964758943404978834349769537315474467397870736825048593197416618500183297711051442570366724671767970166784410222470265133370534422996918580029737737268046646801306239431796
116155712587003480074093640385876539312123305397916826291233359386271207747038434704046728275451233229656650723735032566941592136373536481307433129277361046758462677093941927720523970568167646847158221949659057692959543421522842810299531441804684119748612022855200639296285928477775228625441942447133725983717
80228733258950616894101197041040786377076344053411680833131098004192845834325793094489338901064852643606919975576354533786874347971121682805082285910441477793839997475140641436746789505055364719349984829058801955324744382766742852813782416018111439330991968308397096724110722784435641668356801351515131795602
171354546917179144136208070597895173696881164325094703584801850660771976738933885077358720624996314468266950690858468425961990005903364875488822229972391771467133056621413729330757809389351783145058388137881975960221346807551340325538768721719530209217629491681107853845394905255008060762714673590285976620112
103127077815000299599623324092305610834442793725543919481724480456310984023826042523595883119752663450956544744472105676471778570261990061265768427417323283965330109606904632553565242334435348275843381101741782964732873607326569209427048657182569245011489531158664800795847534189194490069769237499479067975164
43116973524045345611979365921241980998886555181559053626124925590647605173685525673887533172281160645107128541560455710607272543180256961168695267972553686897180026324590546314739844228453929257221349767012536427177761835446729442869511666608108660776473113441109882344823557204854226624931778852491988559273
135075947650491025230478270331095237705359132592127414293249464604337147361797742187887505141037205509726196335544470726314066715915963439172526039490059464110806784294090016778746648175160442081790437628526242542113379455497118703810460324329557811891763474787670007209320734422015956313993730182960677727781
99757852173162589133174016820298172298593036501912614229978943093266291995595230280599344533000115464932354321759455643761230475141271012726941052623326233118246624086483543533852124358263144000473969647094777125877177837290833760527296252429031004316241947844194302865833716814452977271710133749840419796965
150869790992686991564684144936633526300764174464891992179175035576438111537767738225790981803511197928640856451036546868052670661313475790666172255240782530731391159158558657482951544461365529631213820984358149742171275656378644491510188288432648946948425239339890782458845478307104019031489229234078803199389
10514283372180057969083959829078347130262809858519084923342595814520216731377682339147821558259895340089976552940290004556251727042432564754304127056054014543484590349318424782524291593529341115861382984867075295474871118360051034272093073669032510825166922777162228418889908091546980039154281069083449974793
174768316675933783239019037105533227289728880818593234373961853351279778507084370965214207431152870078763450153094854613069257623166337557100833216853926145864205936815291087709156692139152681780858549507644523756126105860583426527423944787267012719245433004100037781546926682949397521925583867013881255429352
174073974321318921861667259655919899700240918216651453538622889793618114199492470007791650084384763863673029095807140456967724149738284914171435339152398045931885077150190026625189470887916367428111220832599900709407018394182051526947770118637338440224743512109824306373283742192569040467662356229814555251561
167413068959063545937636568846567624616492313879371412260180467492088404249210281992486259173657563226266307455550879811767232026175254092289729042995410201990269956350282897678864141784797284767051818278940583249918901135669163123418524208522323250457868134924781707396767358507120729805810060349635563580950
176008569119622750220768158511578736290081913401905125185020512583231834609131754212432065134088773955281015709603062488119581581540147069952922068984415991512478188170250999346342982881417251246502600131448680869450629786647993052776545681241334861431376336948463613923745613415757790165009519160301172077355
95361983423425098363754909165981139931148314291017618491718533162306402056745477517265997181684474698683965514002966233548646541506093135198675741057745692761497276559775346368726988081334642216204647266223180611673893392386130685313163209669163151800630007038518955215109473846927157613024434186779719564068
32968021032928192091697842306048171300991545747999358798134296008692340018528971022519990695253014059798398328890837656412773633737199464678261184808677964913097391800123112775347110224129906658372927997752682894208156512891560920738980439538209159998318951667450989820682459931572535181401098372658789525705
165243491607140180195376665232660672228847577181722859706153249610216391292587434616957669216793935617979653546482154136578574424734258159886273411667445668483228002589225480329600223751084579472755655141176271223973651491839199197376451886113121317007826032520551380026718216840307737119814703568712066383664
28090831402384971773084280320537716667861550687249695468378086671007334877231751548377695562711329243491497217422211870265153307128104154459325651515516623800185688408815602040519111662352290063411785768760309409021717823017117485933742521156427869122173548449707769993312317566187178402169217377231643584516
107691993255347108940652543980052648063342856708393066853454055421812494724823040824253420282156963865050770020662970939745445477064016478417979565838314563917626553937154706594593385642630217916944727719515148316502995873357588285308205786412027825332894674746594662872709393003107055787511783171541410005452
26989998362376758022986742719214642636908430096143198697002174244433460706466157247470932308840698017128159422866115449374595283685903220366899349020750271998602689766273132275733056951503622036339122793315447592803194741178369358509957262601328500938702700407411037050273892114105156565923515033011518539295
14650750590684925981493973367140871137246085602012105876292756224895394888189990433965155074863823575738242885450590162243231683509039925173924567199108302612695332878615709896757181866005787063434539539578526463633035605165838393700655665959375538290857028880130516020475711100348496373810844182976974312905
154856012584312694613599533473130919243569272278145991141229082041984292648704106817431544747837147522060720047626371437031071908284942140093452860828877382808610829506105217213225006261961126633085015430263185328319658917645969686117651584618796786604267341952925548410639769483731173003984692413044980861776
134086669647006373892899039922322400597591357067045875647987721453068428114899645465070062004764574201000518367887674690222452291121833126917752219195311922295452031995076318322785921806039664552061375781915001191338115458791881004007460298701289289716062322647548501628963718484978160118120225658254225660497
45678453236533031288120542504524351574834150063700031160254480531083714406708409343650126094156783496762275817346282761085676711117537725902333862079423660253467811309477403180075281057367221759542390099724618822489177596139834774150690161499886247587809475812093704851322906073849430066680069064363606724973
2120087049573543274902516577554274206568253568173356769749948751492543745079479274452065548936536235912934011149011909983557963280645566375884240664279249897124756153356472286633111438601070083721317162681208532406528293424369652370224520004325857111188493716541737441963250994230691918494144479350338047628
104977518672752827401018491619513425250108899286132114793022624249591880102342790234599481534386308808207275192201344091608175739173332002089661521070284492903468763677977446959036823292696312958845412863623388459208807641681651033511309309137824437388768917749272825322407789499454848489435416289941418358672
133709386943354626290661950606933817661379067572076639312084959989108651289955335876400307615713867602031034772147299846815611383456542430094162179776978582915706464403184987278678156217733921220103239654897214048208829588546435643256900574032220108481256292749107358127769478207420444434778162219736932951972
113591415255483151370652934169952207637677594854252453282861177555804417972799049907211788117847735143445405001078504437265145198712871881697952731780645811457083656545479209700565389216909875721985809037791099560861526084670681007212050412652922399452833333958239256250167305975886711804341407036076207399364
19269644995662378574846452959841874058509820966021410348031812104057216565352796531526741601591895316779367865326550401034527503777724943975489510040036229129459787593389022157518830239871127317550751233625112407272395424251226656583894436446490707656667982003579991601026301790651286275012782235469361024262
55914624072141892045549140639625194894366442216942411778265371272990505402250978123390526562376018729740624347808570451513600920496071952090534074359979059619916638891229039081316565512869135718026483724816635312708468470711497143965273172822159504067693200646638149970211857757947193724012246347851295971102
129855013697761417236690638988160798831766884919710190989326540626582953480376198122477265481927879306458139738474372299800825001353889377781828338230300588826607991286974397835661742679363355978652704192108752549942415766773845756979159271038629263875798070761103301856107837701496999243407554174824610794716
155349176927262413298470009016948087018307579520957397577325927123380872565415572847409962801355095965030467128240578995420492241735869183071019669419590877668280133619370145745431910960660835428655255915216937288306717625774206955087451836123359137170643236903806938484631734782450380740324545390376802444677
168108724521672922551348643784905431407618121769782776389312309578808400417199800052392620280978513402713897784317998510589627308166295008499973714484711327622950389861493096505052849763171703906805039060972101088996944611892419281537864093861359774702328162573890513998374346994525065356664727435871044406197
44172241478263397897040991122784173712929356779437598165104091296226961903832091076657051877852219254076183131040180820691096785302194899204650874125891996595131131302078681063196920496307094148717140972478649223328341234846155055034295630130000677609935781221694474062023739901915017659080125847177315331348
146457045348429385379138974951439801570173944676937299184182381896540141395376893745155463756699262962788025612559964756771370755655337982453810288110654738111065573024022814667826246946802110603482286748770965719650885389254706578283513494706040650548363564718761026951144140163918099749105582199232140661519
161308830489751883484414725067937029356945090708906991405841901601154966914849151724137114689938902044245199579981071466350810149546343229016933106864883523708809422528476225035111301932279192775048412216295377126705488534699882790360053759228354818036806030275802999221405530474946904956438034998286914507788
121088051134078042298575558918093304332556595800066883568537083876202429986646375652282930769540944045228865729180490472849914948013765049608124318552880882422497807336915515899958511749614078572659614755014674135174556641663766803951297787780405190514064684665145395088976163910438038197402131887521502883640
161183661712510029106498149416044701569068730092042081756311951078625622834322151774425675021142960410835182175080772534290937117985294388028432971394366081736865976427584205107438834331798366732862523246430661294477455343283731133779831178550283972407630094029085829953739113972343226820657299966432491921634
172547039810038057680523696998192453399720930566222003189139510244829067155552492806087492041299140744579820750317586054354883559630654775787050941888452807867763699418104525246054733387919666763793473293181192397410323886649259039672912679473811192261267238513956661182929321015405457221390177699171369374678
37193003589595584119443498040721679650364291973076411687297509461533669553287633915929913224140927816361027984130776428007073737528560437147013010582169769301637969123628356032521765987279750718419595770588198671134876921337252934418108085307602769256729136706563295239118540124899776370396095022246091899190
88008286782224041483762633250788101454845309638134072553312365598171017912365507929584883992164837279668545161560224296952649961345580501346324037753558229822850069971351078434987540709800397067512522046085858237381226953142068173243467971615886627224719134482629123120111634990728513105276698726725288682491
113834584370892469511627048432675841376297502826558386956704252786126030734694672162816795200955203413840068491998720404905953288913238580043935578618459483033789718330851315005504376854996417431948739786171504205762156413475003109548107746166354380041242700986770409549920154198108287821832369260378769814628
101209463552646707411135331641785213020344964931847164335738131599392402974199842167000212077767665138678854940822875225291462025340953531872204263635765509380431918192233665257774005962146652957316936307572534489687891679673908896514724436308437689123120589446110524375193800266300904861281766119241822255432
106011998700303585348286247337202394113944589442468835439848714692780094597169788189138891525762213707391520359882993382068182466866520066208420889566851745185092860582306807677681170108580193586409180058223979663111330265298802154461428110941639116933221231503753324194446946593446726186680350636535637359727
171892857953573169253550705554564778181872381350634476889703949548927534921605229692372561359605205359840257899995926458982562906098336160518813748846190443088786672680475981586781459425463004441118197105243942258004212792254712916335203915805712680449183354169821854689298870225465549458473153599605788008915
62416566004199407375802054466149286518699372001342017971607091371077767526627653438978784916112970053646344572103948704517993795604175890839614797702221242147746894782225465770029589798146551780892125754777706118770774372204137136940625829645497967401740030847615875100067191214310674749140401056861570199383
159839549207068419029227350963866970160454708540997248561557596976537431098051720447249603333334561415339466432315939094031621736947081666991674776001075371405331477050093727683164438080411158569154719884267739616027568436189544984945836782938675419212699062689696880500849433465013667447623141118983003940286
134707229620225133593986056487275456803018027448587918236717468058414393090923441188916895258125980225087950253075414385891414330065945215756814854015645096651363028831878359420716230698475035896723203548394457274414886416968311905136033421861505359760805902628707321320046588504629220189815347490843738021439
168907974816073949730301571502289226336088593107726049434059481490184900668624982398763384398455135951270639193927015220488456188030188218027264493771652414842821704643297250817459516799538268131977961839528356636427815370768723926086621675817797417033505894020179037706484397477133607264892501771898326437002
26998294286076780525689922353588450599269115046380309333723041231047946004349872520750067860219703640832737014358279125659439851618310933283455246002606977241686781318386598290757279048036706401802479703048516717559730604726263076440887193003632365580926028130571962054542511691006046166771384623976629593293
51890527723841664271422736395364731356220010747096978195844651099645861764840444573494343343325216696482362741779369454390564041916072769983312706979852115157042454505904319097869385401002927964401140106891922290490352197938620466397097260537045304805263222723879090207723850790329615707361917829758122805727
26777786987254442992197022966585938422639069613995030053599475171306916768644262476841663862628412094726626150037879815292665138148144886592978970549997916576140895403727080225461806172496857252262183086020679165552795136044518438127941713005262661980038530521046762475123267015895504529382629990885222941233
50196677238531327657131157650468559703038048284518087680022591491056635136989538184847194239809314691255488942808875243460488752071011693471090270157549818333227107696514354930402818190255262219402717145575822571217897527176414125428014395247612726782656540803095534744646488806659083396264020827357968626617
62924742471239067598721415103635453910921167181195482574301196766628111651495915104341192560704279937764785664724832547385433979786399119632719564314099186774169531575436768704434562205635163024145832437012258167540757201647271293346191314367311676945106110712818365828604278489299437367320001665455828895013
144522285029048652059776182961129909337251204944472200678701577308325040835580405207782416511466241576801738620216318560251892108660318366273308851924001855620117183883293057293421106144693340001112910128336259711877240073070390945654906347450711230568923223862380421256036658402322441939504520357293012284922
26168753002546669704611169930173731807129824120955872780337685810034472546944461534322747569523704522702201519391141117858193490592471334489863937508304081108046396263814486484795322789970047652104516412223556790423327541682638678853479631456250128353936923489122196360778131449062472529465950503791263824857
89840458163727714770125993522271084208048960375549631094384186166693190188844614124200636645092171825373739016838066288023433668342544851470855088215479539195291719908870452716878848854076987075853543760530613979678808581498279134631141170558272706264310373808297011029092370431428340494206863304084126551582
122613197069086787659632061867545367291426228136956428598963635929593690435658238265014249990884010213600649079047661355731391320694196161958232489514443451186302978556387586743420835858614900426822915373846277117640220013198593625028709476887726580763295369268757728783084808662041229011578277971239971722353
37266235169451069732772933870458635530206382738565405651516003094047982136039962369623849287645493035420722596178461459245751108045214481366817030816826965705930010950519412690376127987725494134140357163201037787443682596301362218676292418223415665678587920093700344680241960538327196487860491899971554080581
154440873515117265653621560141884115191858958082630938746129904310553527227699133315984482471017795442571801948074002176867215306970159399384136690322454531995746202182267067483003452295722186162550492623851095786533410184022289126256796698915218444962796492798342519147774037851650978228422347962770362109838
57271037617069815213053011084862319651123051257247514426653242933440393293308636275164401450295410426788612685597624819289085330418765423635990430825956306671047349923594385469649694985859151161507815193648704049960510351745851132813675051826006838951640015468497721964992285850701264363100495922810544010606
19535742534460642184180130428114097516419510519853482945800563116595725571978553097786749987253855632180639700626710927324121472355473431789469942252943776579106095620740790602616719621124239095086427503105481981032820905779183553515730099244968395714010131850316983673247421242552050536875586700989155125558
157698143393968863427407873830789089681991281074121863611426194407738139365491313906217096058909846202351599962832743006844352982754688239729102551641626616642228047422754712024933754783398281575316585922210762070696850794292048859362436975786996353566226067511007721425183181818957799747351162926144656994870
94664478425947796266815426947431063121225103762134480218035931189763216230044086130004672875457437133665637665262277474292774098580613408126880182580151948053991313268034983073907168478371147737844208852930274412016659443920626406515198962873031537388438008695564179980194766451921777271997579342047473581044
62968523829381243488052081082525240107121824859833210891115286790176000382006760380067673999980806003021113810899131845004381308671104238460460729037050845254020031829640589504493930215978474528074114539735093698029445466007764644563032394317192391789310407240816185740163611090406124425706293114776650792982
34192154964013469627989814720782321062358819269437529822584128164811652647107273758990123486553430492682249951979139707921303805230123210987558877605054285124348650078253790216055127803211706189427228138477100126140849794934809758504286156373649810294387177709000150035485149513994455079763483742074205139376
47323124622352232196942568266893960525513383001646643151128178682241949339606077082104696567879224717001223985043855295123815233139308552368126021577952073178876939661208718893937168493264503415693639737703812414495748240541556766064311260508752214987398161134095788871322671427426132286417605847498615445933
